1.779850705345105055e+01 1.527548391955889873e+00 7.629960330311326144e-01 7.941410702230741192e-01 9.119230466230948684e-01 1.002684178464413156e+00
1.693088941727389241e+01 1.200771018283969704e+00 1.324550288062960268e+00 9.120609988887899977e-01 9.926596501918923954e-01 1.318266249512319854e+00
1.578048367446168321e+01 1.582712464428269739e+00 1.192003590516963030e+00 1.286922263157093349e+00 1.075291321262955568e+00 9.094529690225590102e-01
1.498635051446310307e+01 1.541383583394505763e+00 1.222354794944716438e+00 7.233094910212373163e-01 9.442500209229458541e-01 7.686496456027571700e-01
1.339230863392859661e+01 1.527954164783331015e+00 1.022930836991162717e+00 1.049883953932526870e+00 1.170799330063328147e+00 8.573494319926731055e-01
1.234834943334304747e+01 1.404299263135988296e+00 9.803140672184347260e-01 7.409899101082475514e-01 1.416592978585495377e+00 1.245839014043591542e+00
1.093790985162408980e+01 1.421804071957964766e+00 9.935114287160280444e-01 6.226945666526976231e-01 1.112882163664247637e+00 1.159655248808012518e+00
9.140835000563845014e+00 1.051627245185206450e+00 8.450659075041073720e-01 1.156493699354242954e+00 1.004376542245222881e+00 8.504089298200792069e-01
7.857664449336481560e+00 8.553937793947503643e-01 9.781017361928250331e-01 1.127995799760154627e+00 1.139177628589097324e+00 8.329713318177431880e-01
6.381444595595858083e+00 1.066236211894339814e+00 1.410109813626139852e+00 1.103692746760837062e+00 1.265028797414051720e+00 1.256665556232573255e+00
5.235181533964161638e+00 1.033356413337107815e+00 6.172140866155716443e-01 1.317023293733537770e+00 1.040740165657041416e+00 1.156486051408469162e+00
4.001962839294333385e+00 1.168032267654102840e+00 7.304188066339818430e-01 1.072513671040513650e+00 1.220275074769700652e+00 1.214113012042473461e+00
3.075963181814084013e+00 1.175730517546409448e+00 8.407941455356258142e-01 1.259898760586270150e+00 9.985571025328749961e-01 7.070981225725745389e-01
1.996749778771836237e+00 1.558751444830555055e+00 1.088943050379602040e+00 7.277557955654572197e-01 6.003966742745565632e-01 1.218689808405157837e+00
1.125562654752903846e+00 1.120089275643125548e+00 9.829762145024188991e-01 9.703376301042089258e-01 4.398259325100909445e-01 8.087335522073297867e-01
1.956070279679701374e+00 1.541255546225433593e+00 9.615488942611651879e-01 8.131594097077370353e-01 6.651997212488199862e-01 1.158837464248672955e+00
2.058644605253324045e+00 1.903769522341678844e+00 1.152717137052325924e+00 1.046586381078672412e+00 1.270572268619128753e+00 9.384368428061687917e-01
2.723536847935416727e+00 1.682301308938181306e+00 1.089243374220694172e+00 8.379527797431841618e-01 9.836511443240019137e-01 9.586040197018084186e-01
3.767400742144949355e+00 2.291550225306178135e+00 1.129945719346699740e+00 7.071326186933617475e-01 9.706246200174016847e-01 8.902222449429022522e-01
6.479920544238982671e+00 1.868510420888187751e+00 1.241528860965612990e+00 1.300106539032012343e+00 1.318036152125643845e+00 7.434101123638190423e-01
9.119545882101009582e+00 2.350190682933451125e+00 1.442054669770935993e+00 1.435770818998015841e+00 1.092359934338078320e+00 1.375466130229386907e+00
1.265136791377905467e+01 2.815643091960035260e+00 9.651167870008687810e-01 1.339379208082093209e+00 1.439628598760237743e+00 9.504859253937050223e-01
1.725428723447769741e+01 2.468284808018982091e+00 7.048754760115685247e-01 7.002460675281996227e-01 9.382741659380989807e-01 9.821660727041010563e-01
2.203848319907184816e+01 3.138832323047996198e+00 4.102022972748409213e-01 1.226098628017038727e+00 1.047216323448878716e+00 1.175903096924540092e+00
2.847703004203408383e+01 2.337825234525260143e+00 1.093111700665430730e+00 1.015363752051595014e+00 1.192447989623606208e+00 8.144391593584218159e-01
3.526985571330414615e+01 2.738114468140165236e+00 1.557105698385710113e+00 1.185916841924595344e+00 1.029072626204618368e+00 1.179961682454983896e+00
4.339399658305978846e+01 2.967716518391497083e+00 8.334174867407293519e-01 1.258030701454382561e+00 1.201178227463640669e+00 1.247414288011616801e+00
5.227013133712920734e+01 2.592885913999223302e+00 1.073145578588037496e+00 1.198199966598777699e+00 1.127705599307958106e+00 1.300007301311281616e+00
6.206777970238326958e+01 2.353358302989173811e+00 1.138638928782128579e+00 1.271475370621343082e+00 1.109711983928791890e+00 1.088548023530816700e+00
7.302466160247526261e+01 2.370816268837515395e+00 1.039218581614620662e+00 9.777788673972050981e-01 9.135808430887490950e-01 1.208328001136675045e+00
8.497876990602895830e+01 1.948243387441589425e+00 1.741344272902959567e+00 1.151399402713441544e+00 1.094868714187603231e+00 9.650503474056033593e-01
9.782203861209637807e+01 1.740599480593298942e+00 1.608457712692010988e+00 1.119083611182621896e+00 1.107596551708502242e+00 9.989003968418851409e-01
1.115624667428485282e+02 2.066761989299392255e+00 1.391856093724672894e+00 1.503570449564546552e+00 7.128275355253406165e-01 8.362209887183509327e-01
1.262615925543959605e+02 1.407750051572960404e+00 2.055480057862205001e+00 1.669461729728126897e+00 9.724533382243788493e-01 1.459242546898072534e+00
1.420190956856396554e+02 1.644032207330071049e+00 1.425427007234953747e+00 8.883462871654572712e-01 5.305702941372238968e-01 1.492428517962860024e+00
1.579606026541970891e+02 1.814816287460279121e+00 1.310588189259842329e+00 8.573422114577243791e-01 1.058689167628753980e+00 1.209260497896775144e+00
1.750489418739367977e+02 2.073334282873699586e+00 1.403975539965237385e+00 8.303740922061327856e-01 1.344916901986643154e+00 1.335874584917872143e+00
1.925172960382411418e+02 2.739881864190473415e+00 1.399414246999459710e+00 1.232971269328117847e+00 1.149007783642893799e+00 1.102105949537218521e+00
2.104425413755558907e+02 3.054688379872442017e+00 1.234870654227678610e+00 1.318963129377985322e+00 1.167897108011762608e+00 1.136323385175167955e+00
2.288667493713174395e+02 4.320140644554235188e+00 1.385742364358237388e+00 7.085944902515315391e-01 1.534269578504189546e+00 1.473955421301002211e+00
2.470476440380760721e+02 5.461259458680309820e+00 1.661253949978787503e+00 8.231758261899780882e-01 1.484874209095565778e+00 1.708963947428737473e+00
2.666455079306886091e+02 6.667725094605685854e+00 1.197647957337570679e+00 1.379181440514366086e+00 1.645212613830087989e+00 1.348983736818675228e+00
2.856318576940302023e+02 8.471429758086484796e+00 1.136708607959162176e+00 8.363521909743230065e-01 1.805378428536833946e+00 1.218275068783859716e+00
3.043803503786228362e+02 1.057622740551462392e+01 1.543859393626543897e+00 1.827426962707152658e+00 2.029597517191897627e+00 1.364980030980612380e+00
3.238216518050360833e+02 1.347184553862212653e+01 1.894319913733706784e+00 1.738870742904075506e+00 1.625478434349624912e+00 1.132917523681072458e+00
3.421792533812362649e+02 1.531057767844377260e+01 2.789391893566941061e+00 1.443719138797209922e+00 1.977608897091614137e+00 1.601006871031533052e+00
3.602778104396489312e+02 1.829475601438653598e+01 3.241190230317507748e+00 1.923423047415742992e+00 2.065333992648537897e+00 1.597022745852378245e+00
3.780319879862818766e+02 2.142355336597715976e+01 4.447045510640694310e+00 2.215556829574163888e+00 2.148069522997101632e+00 1.012315336767749541e+00
3.944911197803711502e+02 2.442002452164373594e+01 4.569487488195340674e+00 3.020534874660035562e+00 1.889871423276471729e+00 1.282246141576264487e+00
4.106447579636476348e+02 2.766410711341062267e+01 5.424877109306607714e+00 3.270284957447378460e+00 2.080896661112887625e+00 1.413676355160054188e+00
4.260396803974376212e+02 3.130267586104060129e+01 5.890977968173335633e+00 4.190598594848899516e+00 1.936158467885773060e+00 1.314255843678125313e+00
4.393543238783498737e+02 3.424493372385746426e+01 6.887027724468481438e+00 4.459379038240567361e+00 2.167761963921785551e+00 1.286637851845331859e+00
4.522170375365694213e+02 3.696226050398123419e+01 6.406061607579609962e+00 5.600910947597165901e+00 1.871259056122764886e+00 9.610171725139169396e-01
4.640158614989093167e+02 3.985337455677281326e+01 6.961284661201096569e+00 5.908176474546297463e+00 1.576969183125602303e+00 1.026784582668095247e+00
4.746307173047652554e+02 4.265243115102688876e+01 6.916551870833157700e+00 6.551108688722520945e+00 1.730766344666739398e+00 1.338173281894247113e+00
4.834762670664616735e+02 4.502525466432120282e+01 6.874730201690558928e+00 7.183983009624777871e+00 1.492458386180576690e+00 1.286479389359746373e+00
4.903922462282874335e+02 4.643267608446772954e+01 6.153548307047305599e+00 7.469569226505680781e+00 1.578648395619984157e+00 1.538460837504615597e+00
4.959575366069993265e+02 4.806730689813149127e+01 5.928987164985196401e+00 7.821302259522761702e+00 1.244906142080589140e+00 1.465956624141405262e+00
5.009195830437334394e+02 4.932114344508232762e+01 6.256016419530245898e+00 7.971012484560191957e+00 1.459861221216490756e+00 9.169578997353342587e-01
5.027080500591991949e+02 5.003058439471782748e+01 6.389489263818147080e+00 8.409269205238123490e+00 1.232783227443024821e+00 1.390860545454739583e+00
5.040971756773698758e+02 5.084774704348863850e+01 6.327834922758794889e+00 8.553928707403514409e+00 1.054410972778664579e+00 1.173337884075524196e+00
5.028030617879868487e+02 5.026938846867207644e+01 5.478315517680168334e+00 8.730017373437441108e+00 1.269039863405295065e+00 1.100995335158237554e+00
5.003942483520828546e+02 4.899420339742694352e+01 6.095793184064853598e+00 8.202815011034831016e+00 8.822550762245027212e-01 1.132644414755058726e+00
4.963156734601216726e+02 4.849286533415878608e+01 6.071679549909893225e+00 7.482294375593911973e+00 1.174164987247290348e+00 1.222070733121083830e+00
4.906933358580258187e+02 4.670337542144758913e+01 6.260034303983220028e+00 7.634799920852536559e+00 1.500697207437301506e+00 1.414353840523254302e+00
4.835179779092958370e+02 4.498304603502658239e+01 6.951339564666240811e+00 6.989108382078553561e+00 2.011494931927890306e+00 1.208016728062736300e+00
4.741838628058869176e+02 4.253927466165522020e+01 6.799417648141880655e+00 6.864121176698656512e+00 1.561695357343758861e+00 1.817817789963599662e+00
4.636152385573473111e+02 3.962387153273724039e+01 6.773528537860141086e+00 6.083240065266281249e+00 1.714592693967579518e+00 6.715407139172231421e-01
4.525024173126491291e+02 3.718827926567514197e+01 6.645277627341124926e+00 5.873181479741750977e+00 1.591429728041551250e+00 1.270591713137797729e+00
4.399706903553555435e+02 3.438759990035691771e+01 6.582122470799950165e+00 4.677318557856575687e+00 1.797883137206237159e+00 1.591959129875771151e+00
4.251126421877939947e+02 3.122865472634229533e+01 6.024769974410804529e+00 4.803490049171016629e+00 1.682365328786838532e+00 1.452396162404484325e+00
4.106797218352794516e+02 2.773681743911020448e+01 5.658116806972896207e+00 3.811206583462136255e+00 2.009891868209263688e+00 1.110744080229425279e+00
3.945321815865006556e+02 2.464211696227679127e+01 4.734020111567295075e+00 3.376670529378983154e+00 2.239485722676352264e+00 1.264942802598540528e+00
3.777052330851835222e+02 2.151731657461274594e+01 4.314684785719622440e+00 2.620779961132652325e+00 2.081609111268685197e+00 9.380134868578673402e-01
3.601573752461330287e+02 1.862571122149379832e+01 3.151300858988461684e+00 1.972043416272340366e+00 1.835650225892722753e+00 1.374498745510362108e+00
3.421564502260048926e+02 1.517745171456090603e+01 2.542654420199244036e+00 1.835983290728783413e+00 1.762694886287185625e+00 1.564751620926409847e+00
3.234510010049705784e+02 1.274049146306243863e+01 1.992547557729460017e+00 1.427549470183515634e+00 2.266698055310218507e+00 9.405095682846511540e-01
3.046178182838544330e+02 1.077731183025215600e+01 1.595528394205418810e+00 1.329816340598940272e+00 2.075828551461340599e+00 1.379218209773590331e+00
2.855719334873294315e+02 9.099740383722883408e+00 1.192036090440199647e+00 1.350676389908119779e+00 1.854476686882550185e+00 9.799107835023441737e-01
2.665687544949504968e+02 7.013183980463257861e+00 7.978458562988459679e-01 9.945994744316495328e-01 1.536873965992159086e+00 1.259648442583503503e+00
2.473826813772960520e+02 5.384008192748835242e+00 9.713711927658440493e-01 1.270042390660723441e+00 1.703216758826959998e+00 9.741788678257761180e-01
2.289161984432746237e+02 4.111987198045594205e+00 1.175989991897586906e+00 6.103610757476559678e-01 1.414954209672896868e+00 1.245186484483736145e+00
2.101909401936820814e+02 3.392832383594905465e+00 8.366149043496275972e-01 9.234543343133579940e-01 1.505038709414998621e+00 1.058899252203787889e+00
1.914577232991220797e+02 2.931756388961057613e+00 1.161106574759207755e+00 1.341655449406437661e+00 1.529576898537701624e+00 1.162794969874487716e+00
1.747573336619730355e+02 1.928384841206541633e+00 1.182463375333669964e+00 1.134486234969919849e+00 1.234794819158804291e+00 1.215237476636595648e+00
1.579360604381808741e+02 1.640535120439460259e+00 1.750261176141293173e+00 1.339691777712108456e+00 9.115303613180280040e-01 1.810482396860900955e+00
1.413206001582025522e+02 1.452371666327638033e+00 1.709771793867413070e+00 1.465906493992788606e+00 1.220096242943553788e+00 1.474622686027355911e+00
1.266928329954444337e+02 1.457552112770194697e+00 1.578555446285457631e+00 1.172832229913211677e+00 9.648325035928762006e-01 1.240584631592782872e+00
1.121865075984648854e+02 1.568997230433568202e+00 1.194752424342476971e+00 1.418144752026975208e+00 9.969225508101712263e-01 1.522885896070337530e+00
9.817424263472000234e+01 1.714709680479161280e+00 1.434766153561919388e+00 1.032366350486947137e+00 1.174311973764453398e+00 1.233358576643152071e+00
8.525066682492489178e+01 2.196765091301207118e+00 1.324844580340761135e+00 1.140517777862239290e+00 7.796939694194977566e-01 1.400900651205797542e+00
7.319552397915973074e+01 2.086611000852834685e+00 1.024829708664816597e+00 9.542645699574018314e-01 8.391093816328556443e-01 1.217092453115531381e+00
6.243258533956618095e+01 2.277777647646212600e+00 8.559943682642752183e-01 1.412601405557183609e+00 1.008507794643143773e+00 1.416561784122712941e+00
5.216698482096684586e+01 2.451912156479700400e+00 1.138057964247324305e+00 9.962581587537032712e-01 1.402944196589123171e+00 1.250721123421359771e+00
4.296543245981811765e+01 3.097379338749806532e+00 1.153168555614413782e+00 1.092284504463506334e+00 1.446423305157926276e+00 6.552888890025324597e-01
3.529975000315323541e+01 2.749996160703945591e+00 1.150597587478106254e+00 1.171425043257087406e+00 8.871526813597927497e-01 1.046278716048239632e+00
2.776895150883620644e+01 2.928040081957837604e+00 1.178792072986975636e+00 1.028329032208007865e+00 8.968326469520545574e-01 1.372890577469614515e+00
2.242865351316313749e+01 2.813669011242371454e+00 9.956727866796633020e-01 6.505611442495823349e-01 7.032048743234352584e-01 1.221727372959347857e+00
1.718813231431667887e+01 2.328892108700171715e+00 1.178224220130327460e+00 1.022792241007294045e+00 1.689233299308658953e+00 1.023943991689390431e+00
1.277201488824660558e+01 2.724590829149659665e+00 1.532061644845991610e+00 6.199005088035810518e-01 1.290615036390956538e+00 4.489374705739990201e-01
9.012915043956086336e+00 2.495267976863711379e+00 1.352197015142244663e+00 1.012054517044075341e+00 8.537434223661877208e-01 1.376430535608920369e+00
6.123893564107284249e+00 2.132159495196362275e+00 1.280610286217097382e+00 9.450217961312068482e-01 1.293000718921825332e+00 7.465617923704006564e-01
4.250231269372703125e+00 1.769656196333848630e+00 9.950441035905437381e-01 1.041985638367686651e+00 8.874377789539906747e-01 1.221817127060496277e+00
2.824112346750684566e+00 2.142634008400452927e+00 1.287505891736291597e+00 8.585235835211145750e-01 9.522781014007006828e-01 8.346614003702907958e-01
2.240183816688081198e+00 1.557966377197116836e+00 1.039076633590547472e+00 1.361537566522894371e+00 1.080996432608162028e+00 9.327437480256831615e-01
1.424023443722598925e+00 1.610181464675266572e+00 1.567067715121562177e+00 1.329890887654326947e+00 1.173069716203726687e+00 1.389042613442479368e+00
1.901066261959254877e+00 1.275956184766227519e+00 1.183169946585949539e+00 1.121905535572609969e+00 9.752120286337527810e-01 9.599031960455857160e-01
2.591211688678781044e+00 1.242788828604147078e+00 9.915839223309458328e-01 1.026831066436278750e+00 1.032013840388122494e+00 8.327463378308995745e-01
3.054441708745812889e+00 1.648584470108549693e+00 1.004248464733892954e+00 1.091291728983693865e+00 9.023905642330924959e-01 7.613229072927967245e-01
3.912467565246634305e+00 6.899873351333785099e-01 1.077084964177888571e+00 1.196173181851817535e+00 9.972652913541603104e-01 9.576095875364637466e-01
4.919326129463425623e+00 1.252404788503588495e+00 1.286951162973766216e+00 1.015207258508311394e+00 1.074434222201967382e+00 1.305516241323254167e+00
6.532862363718202836e+00 1.347920807645889729e+00 8.001293852090802794e-01 1.239191353478969138e+00 8.987187311365868458e-01 1.013419697511884321e+00
7.455122409134227190e+00 1.400261342971774070e+00 3.777492672776336935e-01 9.193910482686277197e-01 8.600426580871300963e-01 1.089699029915963013e+00
9.233551855621227489e+00 1.190276109549037953e+00 1.094097655465727348e+00 9.962852771943271346e-01 8.061518384092397627e-01 1.165369487518853164e+00
1.101364045119911772e+01 1.418092556594054310e+00 1.020191863072247518e+00 7.423301391376487812e-01 1.087243278125448631e+00 7.201622482005689552e-01
1.219443219678371904e+01 1.047235223409668459e+00 1.209993545788347946e+00 7.452341847259420504e-01 1.009400809756029194e+00 1.051919374576628208e+00
1.384556345909727604e+01 1.177796767834331959e+00 7.939787659765522587e-01 1.212177612108748859e+00 1.141616756659673548e+00 1.023193269524285576e+00
1.494200077686328321e+01 1.692012284214790441e+00 8.289901448652842175e-01 7.998362915662666772e-01 9.481338977714235394e-01 1.330864228135403504e+00
1.578723584752662212e+01 1.646365604049138565e+00 1.001552768654489611e+00 7.785380581552666657e-01 8.178928132886703617e-01 9.032883064378638416e-01
1.694593778668198070e+01 1.636204260512083897e+00 8.968967519127598598e-01 1.248938765234462567e+00 1.342461766651320110e+00 1.059624830649738225e+00
1.764959609450876243e+01 1.648392864338214858e+00 1.261547427622601747e+00 6.968045112750340664e-01 1.268209239834993118e+00 1.425496942589131288e+00
